0	-24.199583	0.005149	851.774536
1	-96.827576	0.000007	701.461426
2	-96.747147	0.000007	551.148254
3	-96.629234	0.000007	651.356995
4	-96.402588	0.000008	651.356995
5	-85.077499	0.000040	200.417542
6	-73.113098	0.000176	150.313156
7	-63.969604	0.000491	150.313156
8	-56.616749	0.001139	300.626312
9	-58.865566	0.000949	400.835083
10	-63.034534	0.000575	801.670166
11	-62.522060	0.000642	851.774536
12	-59.300255	0.000910	601.252625
13	-57.035667	0.001224	450.939453
14	-60.148994	0.000814	801.670166
15	-55.986549	0.001301	250.521927
16	-58.261036	0.001022	551.148254
17	-50.435093	0.002594	150.313156
18	-47.237415	0.003600	400.835083
19	-43.392284	0.005353	450.939453
20	-44.231197	0.005110	350.730713
21	-42.267025	0.006455	250.521927
22	-43.700356	0.005432	300.626312
23	-44.705238	0.004678	400.835083
24	-45.353729	0.004347	450.939453
25	-48.818340	0.002589	400.835083
26	-50.834743	0.002207	450.939453
27	-42.398624	0.006528	150.313156
28	-39.517754	0.008215	250.521927
29	-40.701633	0.007623	200.417542
30	-40.408882	0.007547	250.521927
31	-38.422588	0.009842	400.835083
32	-37.745224	0.010551	300.626312
33	-36.864265	0.011698	501.043854
34	-35.748756	0.013454	400.835083
35	-35.238453	0.014303	400.835083
36	-35.483364	0.013952	400.835083
37	-37.416866	0.010856	551.148254
38	-37.859932	0.010255	400.835083
39	-36.580032	0.012430	200.417542
40	-36.906307	0.012095	250.521927
41	-37.523933	0.012033	200.417542
42	-36.606289	0.013210	100.208771
43	-37.870319	0.011009	200.417542
44	-38.497070	0.010191	200.417542
45	-37.600647	0.011548	200.417542
46	-37.930279	0.010456	100.208771
47	-41.054184	0.007667	150.313156
48	-40.768353	0.007073	200.417542
49	-38.231834	0.010317	100.208771
50	-38.419750	0.010300	300.626312
51	-37.435974	0.010605	300.626312
52	-37.344360	0.010664	200.417542
53	-36.476753	0.012989	200.417542
54	-37.290234	0.011244	300.626312
55	-36.538826	0.012489	300.626312
56	-38.137665	0.010593	150.313156
57	-38.348564	0.009781	350.730713
58	-38.996292	0.008304	450.939453
59	-38.553913	0.010180	400.835083
60	-37.633053	0.010374	551.148254
61	-42.108768	0.006354	651.356995
62	-39.645767	0.008441	350.730713
63	-39.539082	0.008993	450.939453
64	-41.793591	0.006302	751.565796
65	-41.578693	0.007043	400.835083
66	-42.913494	0.005830	400.835083
67	-42.673164	0.005947	450.939453
68	-42.806507	0.006256	200.417542
69	-44.772564	0.004710	300.626312
70	-43.644821	0.005534	501.043854
71	-45.156425	0.004619	450.939453
72	-45.556339	0.004496	400.835083
73	-44.328281	0.005328	200.417542
74	-42.665726	0.005757	350.730713
75	-45.186020	0.004175	350.730713
76	-45.557144	0.004377	300.626312
77	-45.382309	0.004101	400.835083
78	-47.358303	0.003403	501.043854
79	-50.970577	0.002205	751.565796
80	-48.889034	0.002774	551.148254
81	-46.450912	0.003704	250.521927
82	-52.180878	0.001946	400.835083
83	-46.844219	0.004098	150.313156
84	-46.662189	0.003819	551.148254
85	-45.268658	0.004459	250.521927
86	-48.948265	0.002841	501.043854
87	-46.977169	0.003602	350.730713
88	-50.292812	0.002770	300.626312
89	-48.778294	0.002943	551.148254
90	-44.911266	0.004856	250.521927
91	-45.296650	0.004540	501.043854
92	-44.549538	0.004878	150.313156
93	-45.627995	0.004014	501.043854
94	-43.851994	0.005247	400.835083
95	-44.883755	0.004466	400.835083
96	-43.421875	0.005331	450.939453
97	-48.023228	0.003210	450.939453
98	-42.733753	0.006241	250.521927
99	-41.744286	0.006986	250.521927
100	-41.015984	0.007928	300.626312
101	-42.819000	0.006231	250.521927
102	-47.059219	0.003801	350.730713
103	-45.174599	0.004719	300.626312
104	-50.571133	0.002463	501.043854
105	-51.375828	0.002077	851.774536
106	-46.990887	0.003631	651.356995
107	-45.524212	0.004432	250.521927
108	-47.319572	0.003532	300.626312
109	-45.825233	0.004477	300.626312
110	-44.897480	0.004397	300.626312
111	-50.162556	0.002567	300.626312
112	-48.554306	0.002936	450.939453
113	-46.532421	0.003826	350.730713
114	-49.331074	0.002890	350.730713
115	-47.060112	0.003798	400.835083
116	-49.329399	0.002671	350.730713
117	-50.614822	0.002314	501.043854
118	-46.998383	0.003709	200.417542
119	-49.734009	0.002744	450.939453
120	-49.892780	0.002425	651.356995
121	-48.268780	0.003278	400.835083
122	-45.937069	0.004154	250.521927
123	-51.096035	0.002269	250.521927
124	-49.319939	0.002919	350.730713
125	-47.189747	0.003590	150.313156
126	-45.956100	0.003913	300.626312
127	-49.425755	0.002703	300.626312
128	-43.405750	0.006203	250.521927
129	-46.429913	0.004100	300.626312
130	-45.896908	0.004307	350.730713
131	-45.717289	0.004472	300.626312
132	-49.500050	0.002637	250.521927
133	-46.338165	0.004193	200.417542
134	-46.387165	0.004034	250.521927
135	-45.446793	0.004559	150.313156
136	-49.878826	0.002773	250.521927
137	-43.530758	0.005811	200.417542
138	-43.542377	0.005528	200.417542
139	-43.136837	0.005936	150.313156
140	-45.270447	0.004458	350.730713
141	-46.717072	0.003807	150.313156
142	-46.149429	0.003857	200.417542
143	-46.403248	0.003666	250.521927
144	-45.560650	0.004412	250.521927
145	-42.589531	0.006344	300.626312
146	-46.136341	0.004283	300.626312
147	-46.133984	0.003935	300.626312
148	-45.176537	0.004446	300.626312
149	-43.642532	0.005695	350.730713
150	-42.997406	0.006084	300.626312
151	-44.140827	0.005480	350.730713
152	-46.281906	0.004191	300.626312
153	-47.430000	0.003425	300.626312
154	-42.385578	0.006486	300.626312
155	-44.267952	0.005097	350.730713
156	-48.134972	0.003507	300.626312
157	-51.592945	0.002117	200.417542
158	-51.587883	0.002008	350.730713
159	-48.899590	0.002685	350.730713
160	-48.126846	0.003223	200.417542
161	-48.576622	0.003109	300.626312
162	-47.158112	0.003752	300.626312
163	-44.113205	0.005294	200.417542
164	-44.246368	0.005246	300.626312
165	-44.390106	0.004927	350.730713
166	-41.132778	0.007550	300.626312
167	-40.168900	0.008263	250.521927
168	-39.186367	0.009220	300.626312
169	-38.394009	0.009885	350.730713
170	-39.739132	0.008264	300.626312
171	-37.129604	0.011699	300.626312
172	-37.398281	0.010165	300.626312
173	-36.084404	0.013194	150.313156
174	-37.075336	0.011529	250.521927
175	-36.071850	0.012959	150.313156
176	-35.813255	0.013782	150.313156
177	-35.173359	0.014807	150.313156
178	-35.113777	0.015310	150.313156
179	-36.543217	0.012749	150.313156
180	-36.507835	0.013108	200.417542
181	-36.292454	0.013851	150.313156
182	-36.338402	0.013560	150.313156
183	-37.211521	0.012226	150.313156
184	-36.306149	0.013411	150.313156
185	-35.861370	0.014487	100.208771
186	-35.351620	0.014728	200.417542
187	-36.609875	0.012717	200.417542
188	-36.085030	0.013051	300.626312
189	-38.154476	0.009649	350.730713
190	-36.726055	0.012228	300.626312
191	-39.193951	0.008661	300.626312
192	-40.747841	0.007933	350.730713
193	-40.893143	0.007184	450.939453
194	-34.203968	0.016987	350.730713
195	-36.940716	0.011946	350.730713
196	-35.586605	0.013700	501.043854
197	-36.076183	0.013260	400.835083
198	-37.671612	0.011506	350.730713
199	-36.242317	0.013065	350.730713
200	-39.419659	0.008762	400.835083
201	-40.281387	0.007801	300.626312
202	-42.398720	0.006710	350.730713
203	-41.398304	0.006741	501.043854
204	-44.907272	0.004492	350.730713
205	-42.662170	0.006263	350.730713
206	-44.068420	0.004992	350.730713
207	-44.217690	0.005120	400.835083
208	-45.599037	0.004491	350.730713
209	-43.088650	0.005761	350.730713
210	-44.895416	0.004492	250.521927
211	-46.776024	0.003932	350.730713
212	-50.411861	0.002502	350.730713
213	-50.436680	0.002516	250.521927
214	-51.566471	0.002078	200.417542
215	-49.132103	0.003063	300.626312
216	-47.206627	0.003429	450.939453
217	-49.434738	0.002939	350.730713
218	-50.361935	0.002552	350.730713
219	-43.213512	0.005934	350.730713
220	-46.490551	0.003690	300.626312
221	-42.612137	0.006092	400.835083
222	-42.266861	0.006125	300.626312
223	-40.445316	0.008092	300.626312
224	-42.136974	0.006509	350.730713
225	-43.683331	0.005311	400.835083
226	-39.971867	0.007302	300.626312
227	-40.685463	0.007759	250.521927
228	-35.852341	0.013170	450.939453
229	-30.680029	0.021998	450.939453
230	-28.396723	0.032171	501.043854
231	-29.098730	0.029965	501.043854
232	-30.434015	0.025460	651.356995
233	-30.698997	0.024445	801.670166
234	-24.898661	0.046778	551.148254
235	-27.635674	0.035445	450.939453
236	-28.806353	0.028095	651.356995
237	-28.023378	0.028255	701.461426
238	-25.219721	0.041901	701.461426
239	-26.638420	0.036384	501.043854
240	-28.266329	0.031316	701.461426
241	-28.506287	0.029390	501.043854
242	-29.734385	0.024065	701.461426
243	-30.310654	0.023228	300.626312
244	-31.070688	0.023843	250.521927
245	-28.882458	0.030336	501.043854
246	-32.648708	0.019719	300.626312
247	-34.348885	0.016782	100.208771
248	-35.535465	0.014987	100.208771
249	-37.359268	0.011299	300.626312
250	-40.372478	0.008126	300.626312
251	-39.588379	0.009259	400.835083
252	-39.141186	0.009861	300.626312
253	-40.513279	0.008191	300.626312
254	-40.732990	0.007590	651.356995
255	-42.484917	0.006261	701.461426
256	-36.986290	0.010763	1302.713989
257	-33.304550	0.017726	1152.400879
258	-34.259624	0.015748	1453.027222
259	-32.632767	0.019039	1002.087708
260	-31.377550	0.021858	1653.444702
261	-30.203033	0.025396	1703.549072
262	-33.314529	0.018401	1002.087708
263	-33.248543	0.018059	851.774536
264	-32.968967	0.019452	601.252625
265	-32.461983	0.019456	651.356995
266	-33.778275	0.016019	501.043854
267	-34.505352	0.015247	400.835083
268	-34.109192	0.015748	300.626312
269	-34.697948	0.015156	300.626312
270	-37.607540	0.011383	250.521927
271	-38.783047	0.009820	200.417542
272	-41.566948	0.007050	300.626312
273	-42.663807	0.005786	350.730713
274	-44.868458	0.004973	250.521927
275	-45.469601	0.004374	300.626312
276	-47.381165	0.003499	250.521927
277	-47.534809	0.003565	200.417542
278	-50.036331	0.002603	400.835083
279	-52.683395	0.001801	551.148254
280	-54.063667	0.001524	751.565796
281	-55.720833	0.001262	801.670166
282	-52.661789	0.001997	250.521927
283	-55.224628	0.001453	450.939453
284	-51.993355	0.002050	801.670166
285	-51.689671	0.001960	801.670166
286	-42.134686	0.005685	200.417542
287	-30.830467	0.023237	250.521927
288	-26.321880	0.041818	250.521927
289	-27.205362	0.037396	350.730713
290	-27.989075	0.035831	200.417542
291	-28.197908	0.033755	300.626312
292	-26.612967	0.039873	250.521927
293	-26.127274	0.042232	350.730713
294	-25.643023	0.042896	350.730713
295	-23.991621	0.048546	450.939453
296	-24.532709	0.045034	551.148254
297	-24.738722	0.044883	450.939453
298	-24.984623	0.045260	501.043854
299	-25.507341	0.042054	350.730713
300	-24.497519	0.045597	450.939453
301	-25.580294	0.039698	501.043854
302	-26.561865	0.033984	801.670166
303	-26.911488	0.033085	751.565796
304	-27.217592	0.033017	651.356995
305	-26.827515	0.035991	601.252625
306	-25.822348	0.040784	551.148254
307	-26.727570	0.037045	601.252625
308	-29.142420	0.028862	501.043854
309	-31.748339	0.021824	450.939453
310	-33.264877	0.018108	350.730713
311	-32.928471	0.018833	350.730713
312	-31.004234	0.025810	100.208771
313	-30.876383	0.025969	150.313156
314	-29.980129	0.029287	100.208771
315	-31.560892	0.024016	100.208771
316	-34.216812	0.016699	150.313156
317	-32.590202	0.021451	100.208771
318	-31.685448	0.022430	250.521927
319	-29.305458	0.031766	100.208771
320	-28.966848	0.032079	100.208771
321	-27.614605	0.037389	150.313156
322	-27.053419	0.041762	100.208771
323	-28.138601	0.034993	150.313156
324	-27.681517	0.036738	100.208771
325	-27.279755	0.038696	150.313156
326	-26.953465	0.040499	100.208771
327	-27.958838	0.036279	150.313156
328	-28.636169	0.033645	100.208771
329	-31.320196	0.023499	150.313156
330	-32.297550	0.021851	100.208771
331	-33.246666	0.019248	150.313156
332	-34.611332	0.016507	100.208771
333	-36.883202	0.011967	200.417542
334	-37.425549	0.011113	250.521927
335	-37.042259	0.013244	100.208771
336	-37.070793	0.012014	150.313156
337	-37.028008	0.012203	150.313156
338	-42.040779	0.006884	100.208771
339	-47.767494	0.003482	200.417542
340	-43.214680	0.006158	150.313156
341	-43.992722	0.005422	150.313156
342	-47.349411	0.003367	300.626312
343	-52.075821	0.002006	250.521927
344	-45.005890	0.004549	200.417542
345	-46.484051	0.004154	100.208771
346	-50.363430	0.002445	150.313156
347	-50.247833	0.002670	200.417542
348	-46.172031	0.004362	150.313156
349	-46.034561	0.004164	300.626312
350	-48.784233	0.002830	501.043854
351	-44.174961	0.005369	100.208771
352	-43.321728	0.005449	250.521927
353	-44.647003	0.004996	150.313156
354	-48.103531	0.003227	200.417542
355	-46.929169	0.003683	200.417542
356	-45.486088	0.004185	250.521927
357	-46.583836	0.003951	100.208771
358	-49.880272	0.002574	200.417542
359	-50.682732	0.002443	250.521927
360	-46.339272	0.004188	100.208771
361	-46.060478	0.004513	100.208771
362	-49.019390	0.003207	100.208771
363	-47.406975	0.003529	250.521927
364	-44.761162	0.005165	100.208771
365	-45.178631	0.005057	100.208771
366	-45.606350	0.004287	150.313156
367	-46.641537	0.004210	200.417542
368	-45.291500	0.004392	200.417542
369	-44.246765	0.005467	100.208771
370	-44.133480	0.005613	100.208771
371	-44.546413	0.005017	200.417542
372	-45.359631	0.004384	100.208771
373	-44.198971	0.005287	100.208771
374	-43.218716	0.006082	100.208771
375	-43.121326	0.006526	100.208771
376	-47.251217	0.003804	100.208771
377	-48.263695	0.003219	150.313156
378	-46.457314	0.004017	0.000000
379	-48.069138	0.003579	100.208771
380	-49.306080	0.002756	300.626312
381	-47.827614	0.003298	300.626312
382	-45.887085	0.004339	300.626312
383	-46.773121	0.003953	50.104385
384	-48.651943	0.003145	350.730713
385	-46.277214	0.003353	501.043854
386	-44.995670	0.004439	200.417542
387	-46.585243	0.003979	150.313156
388	-45.269165	0.004511	200.417542
389	-47.324879	0.003491	300.626312
390	-46.446999	0.003974	100.208771
391	-45.220440	0.004499	250.521927
392	-44.711449	0.004877	100.208771
393	-44.594284	0.004983	200.417542
394	-45.006687	0.004918	50.104385
395	-42.756866	0.006814	100.208771
396	-45.340374	0.004683	200.417542
397	-47.898174	0.003019	400.835083
398	-46.212643	0.004070	250.521927
399	-47.404484	0.003377	150.313156
400	-47.276028	0.003503	400.835083
401	-47.623810	0.003404	100.208771
402	-43.415794	0.005799	100.208771
403	-45.407913	0.004472	150.313156
404	-47.067776	0.003516	450.939453
405	-47.547447	0.003501	200.417542
406	-47.102921	0.003472	651.356995
407	-45.807529	0.004304	350.730713
408	-46.318295	0.004042	200.417542
409	-50.647655	0.002419	951.983337
410	-49.934193	0.002603	1002.087708
411	-47.302601	0.003621	601.252625
412	-47.123081	0.003718	751.565796
413	-48.738018	0.003021	651.356995
414	-49.429695	0.002736	1002.087708
415	-48.960011	0.002905	501.043854
416	-49.938946	0.002588	851.774536
417	-44.000557	0.005264	551.148254
418	-49.222099	0.002707	1102.296509
419	-43.156918	0.005570	501.043854
420	-41.807384	0.006661	551.148254
421	-43.191319	0.005590	501.043854
422	-43.445965	0.005292	350.730713
423	-43.596336	0.005175	501.043854
424	-39.658733	0.008306	601.252625
425	-38.145218	0.009557	601.252625
426	-39.645226	0.008572	501.043854
427	-38.163414	0.009363	501.043854
428	-31.565454	0.022502	250.521927
429	-36.155224	0.013099	400.835083
430	-34.482418	0.015510	350.730713
431	-34.243103	0.016415	200.417542
432	-32.423557	0.020735	200.417542
433	-35.741493	0.013427	501.043854
434	-35.519741	0.013380	601.252625
435	-34.554420	0.015738	450.939453
436	-26.123924	0.042003	250.521927
437	-23.696020	0.058456	250.521927
438	-21.867641	0.071545	200.417542
439	-23.527245	0.059693	250.521927
440	-23.707701	0.056443	200.417542
441	-25.059431	0.047497	250.521927
442	-24.457199	0.050479	300.626312
443	-24.722799	0.048116	350.730713
444	-24.579586	0.046423	501.043854
445	-25.807470	0.038177	701.461426
446	-24.466854	0.048598	350.730713
447	-24.473593	0.049173	501.043854
448	-25.295925	0.044999	350.730713
449	-25.619797	0.044761	501.043854
450	-27.041109	0.036677	250.521927
451	-29.848827	0.025777	701.461426
452	-31.744883	0.020991	751.565796
453	-29.650574	0.027372	400.835083
454	-32.041401	0.020279	651.356995
455	-32.087681	0.020785	501.043854
456	-34.026321	0.016713	551.148254
457	-32.709366	0.019779	501.043854
458	-35.983822	0.012016	651.356995
459	-31.955416	0.022084	300.626312
460	-32.420582	0.019708	350.730713
461	-31.812719	0.022071	300.626312
462	-30.082136	0.027760	200.417542
463	-27.101412	0.039018	150.313156
464	-27.270956	0.038287	200.417542
465	-27.841928	0.035748	250.521927
466	-27.770531	0.037129	100.208771
467	-25.754320	0.044078	350.730713
468	-24.894121	0.051026	150.313156
469	-28.472895	0.030875	200.417542
470	-23.725935	0.053567	300.626312
471	-23.992830	0.053383	150.313156
472	-26.259773	0.038360	200.417542
473	-28.443890	0.032449	250.521927
474	-30.706051	0.025466	250.521927
475	-28.775621	0.030035	250.521927
476	-29.675306	0.028599	150.313156
477	-30.088276	0.024490	501.043854
478	-32.758156	0.019066	350.730713
479	-33.803429	0.016536	400.835083
480	-31.304518	0.023819	250.521927
481	-31.424944	0.022890	150.313156
482	-35.907146	0.012648	651.356995
483	-30.551117	0.024419	300.626312
484	-30.810745	0.023298	350.730713
485	-30.411629	0.024802	400.835083
486	-30.009499	0.025686	250.521927
487	-32.330021	0.020234	300.626312
488	-34.592899	0.015351	300.626312
489	-33.016270	0.018051	350.730713
490	-31.135235	0.023610	300.626312
491	-33.782257	0.017183	250.521927
492	-33.284042	0.017782	250.521927
493	-37.875042	0.011020	300.626312
494	-34.762207	0.016442	200.417542
495	-39.231468	0.008787	400.835083
496	-37.874218	0.010639	300.626312
497	-36.813599	0.010699	250.521927
498	-37.496601	0.011181	300.626312
499	-35.922325	0.013422	300.626312
500	-36.331936	0.012541	250.521927
501	-40.514236	0.007519	350.730713
502	-35.580425	0.012404	350.730713
503	-37.950623	0.010310	350.730713
504	-34.977177	0.015006	400.835083
505	-33.004448	0.018927	400.835083
506	-34.589390	0.015533	450.939453
507	-32.828014	0.019285	350.730713
508	-34.361618	0.015175	450.939453
509	-34.607010	0.014463	400.835083
510	-35.344135	0.013380	400.835083
511	-34.937737	0.015601	350.730713
512	-31.329742	0.023025	300.626312
513	-34.378773	0.016106	350.730713
514	-34.084972	0.015391	350.730713
515	-33.821575	0.017817	350.730713
516	-36.193695	0.012531	350.730713
517	-35.137310	0.013126	250.521927
518	-34.932156	0.015590	250.521927
519	-33.709793	0.017528	300.626312
520	-35.636379	0.012514	350.730713
521	-36.112041	0.013538	150.313156
522	-38.008606	0.010777	250.521927
523	-37.559456	0.011227	300.626312
524	-42.784653	0.006372	250.521927
525	-38.752625	0.009380	350.730713
526	-43.319584	0.005194	350.730713
527	-41.719719	0.006533	300.626312
528	-43.228863	0.005708	400.835083
529	-40.965557	0.007671	250.521927
530	-44.989098	0.004458	400.835083
531	-45.420464	0.004574	300.626312
532	-45.853504	0.004320	150.313156
533	-47.457256	0.003288	400.835083
534	-45.409744	0.004234	350.730713
535	-49.377956	0.002655	450.939453
536	-49.926640	0.002649	350.730713
537	-47.954136	0.003311	400.835083
538	-47.376343	0.003559	250.521927
539	-46.645374	0.003900	400.835083
540	-44.536041	0.004753	300.626312
541	-45.444221	0.004730	300.626312
542	-45.357449	0.004482	350.730713
543	-48.995388	0.002888	501.043854
544	-45.269444	0.004270	250.521927
545	-44.995201	0.004422	400.835083
546	-48.157887	0.003137	450.939453
547	-45.189983	0.004873	100.208771
548	-45.248623	0.004557	200.417542
549	-42.517662	0.006548	50.104385
550	-41.126110	0.007353	100.208771
551	-39.169430	0.008554	250.521927
552	-36.501949	0.012566	150.313156
553	-37.736595	0.010668	200.417542
554	-35.183945	0.014404	200.417542
555	-33.633312	0.017725	150.313156
556	-35.184219	0.015007	200.417542
557	-32.381840	0.020729	150.313156
558	-33.733555	0.017143	200.417542
559	-35.025799	0.015392	200.417542
560	-33.901688	0.017974	150.313156
561	-38.619514	0.009423	300.626312
562	-40.732414	0.007309	300.626312
563	-39.158623	0.009437	100.208771
564	-42.318829	0.006217	200.417542
565	-37.154446	0.011322	250.521927
566	-34.553200	0.015180	250.521927
567	-32.986786	0.018802	250.521927
568	-32.426792	0.020734	200.417542
569	-36.340481	0.011811	300.626312
570	-36.417088	0.013421	150.313156
571	-42.740925	0.006377	300.626312
572	-45.130043	0.004799	300.626312
573	-48.122677	0.003195	250.521927
574	-44.730732	0.004695	350.730713
575	-42.738907	0.006406	250.521927
576	-41.520489	0.006932	200.417542
577	-42.882717	0.005923	250.521927
578	-40.747345	0.007783	200.417542
579	-35.934669	0.013987	250.521927
580	-41.893326	0.006066	300.626312
581	-39.665337	0.008827	200.417542
582	-37.009312	0.011742	350.730713
583	-36.101616	0.013247	350.730713
584	-34.848042	0.015100	250.521927
585	-32.345879	0.018281	300.626312
586	-32.477932	0.019359	300.626312
587	-34.851868	0.015041	350.730713
588	-38.069824	0.010101	200.417542
589	-39.314640	0.008867	200.417542
590	-38.653740	0.008862	501.043854
591	-36.076439	0.012190	400.835083
592	-33.896145	0.016835	300.626312
593	-35.980549	0.012361	450.939453
594	-34.464481	0.015762	350.730713
595	-34.560768	0.015874	300.626312
596	-34.878929	0.015360	350.730713
597	-35.301132	0.014899	200.417542
598	-34.180004	0.016515	300.626312
599	-37.672131	0.010693	350.730713
600	-38.537109	0.009726	300.626312
601	-42.043571	0.006541	300.626312
602	-37.446491	0.009954	300.626312
603	-41.206749	0.006833	200.417542
604	-43.410904	0.005464	450.939453
605	-39.990631	0.007954	350.730713
606	-40.381737	0.007518	200.417542
607	-40.025520	0.007245	250.521927
608	-41.237930	0.007037	200.417542
609	-45.908478	0.004077	350.730713
610	-39.906563	0.007030	350.730713
611	-39.338387	0.007882	250.521927
612	-38.951660	0.008737	250.521927
613	-40.818817	0.007729	200.417542
614	-41.089375	0.007430	300.626312
615	-39.590065	0.008328	200.417542
616	-41.505848	0.007207	250.521927
617	-41.252602	0.006653	200.417542
618	-43.658657	0.004787	250.521927
619	-42.661644	0.006344	250.521927
620	-43.888363	0.004849	501.043854
621	-42.345753	0.006210	250.521927
622	-50.082092	0.002568	250.521927
623	-46.055847	0.004122	400.835083
624	-43.758369	0.004905	250.521927
625	-46.738941	0.004072	300.626312
626	-53.036575	0.001877	400.835083
627	-46.893448	0.003846	200.417542
628	-44.873993	0.005087	150.313156
629	-44.450329	0.004757	250.521927
630	-46.497314	0.004093	150.313156
631	-46.472805	0.003848	350.730713
632	-45.550785	0.003901	200.417542
633	-47.721596	0.003192	350.730713
634	-46.834003	0.004137	150.313156
635	-46.270481	0.003868	200.417542
636	-45.505199	0.004383	300.626312
637	-48.452065	0.002986	400.835083
638	-47.113213	0.003650	350.730713
639	-49.132908	0.002827	200.417542
640	-44.319294	0.005157	250.521927
641	-45.835651	0.004092	300.626312
642	-49.714489	0.002696	300.626312
643	-48.015865	0.003258	400.835083
644	-44.922146	0.004851	100.208771
645	-50.614887	0.002444	350.730713
646	-43.939953	0.005348	200.417542
647	-45.500072	0.004415	250.521927
648	-44.112396	0.005326	150.313156
649	-41.783131	0.007296	250.521927
650	-45.217663	0.004780	250.521927
651	-45.390995	0.004576	200.417542
652	-44.808487	0.004657	350.730713
653	-43.627285	0.005600	150.313156
654	-43.359825	0.005622	250.521927
655	-46.941238	0.003509	150.313156
656	-42.829700	0.006107	200.417542
657	-47.240376	0.003717	200.417542
658	-44.268917	0.005253	250.521927
659	-43.135052	0.006027	150.313156
660	-46.454475	0.004083	100.208771
661	-45.930077	0.004288	150.313156
662	-52.443668	0.001873	300.626312
663	-48.204411	0.003219	200.417542
664	-47.938591	0.003032	250.521927
665	-49.873520	0.002561	250.521927
666	-48.209633	0.003141	400.835083
667	-47.965263	0.002967	350.730713
668	-47.903587	0.003278	200.417542
669	-48.863289	0.002892	350.730713
670	-46.368694	0.004216	250.521927
671	-46.580868	0.003928	200.417542
672	-46.979656	0.003814	150.313156
673	-50.190186	0.002592	300.626312
674	-53.893600	0.001548	601.252625
675	-48.973972	0.003168	200.417542
676	-49.231464	0.002961	200.417542
677	-54.178257	0.001586	851.774536
678	-49.118652	0.003015	100.208771
679	-47.360588	0.003681	50.104385
680	-49.862385	0.002301	501.043854
681	-46.798939	0.003769	200.417542
682	-48.829571	0.002944	250.521927
683	-47.467564	0.003350	400.835083
684	-46.628258	0.003954	350.730713
685	-47.519192	0.003790	50.104385
686	-47.091381	0.003518	250.521927
687	-48.729000	0.003037	200.417542
688	-50.072643	0.002507	400.835083
689	-52.154568	0.002131	350.730713
690	-48.726124	0.003171	250.521927
691	-48.165764	0.003524	100.208771
692	-44.098740	0.005045	150.313156
693	-44.619427	0.005080	300.626312
694	-42.884193	0.005425	400.835083
695	-43.939301	0.005232	501.043854
696	-42.322147	0.006774	250.521927
697	-43.234333	0.005636	551.148254
698	-46.279125	0.003797	350.730713
699	-42.608585	0.005941	100.208771
700	-45.459469	0.004270	450.939453
701	-43.685558	0.005411	450.939453
702	-41.741886	0.006661	350.730713
703	-42.471203	0.005550	350.730713
704	-44.609909	0.004649	551.148254
705	-42.145298	0.006802	250.521927
706	-43.307774	0.005254	300.626312
707	-44.284702	0.005240	300.626312
708	-45.634850	0.004133	400.835083
709	-46.093937	0.004095	400.835083
710	-43.995228	0.005068	300.626312
711	-46.343494	0.003700	801.670166
712	-44.834866	0.004379	350.730713
713	-47.289646	0.003166	551.148254
714	-46.378139	0.003492	651.356995
715	-46.007542	0.004325	150.313156
716	-43.113846	0.005539	400.835083
717	-39.188763	0.009623	250.521927
718	-36.221207	0.013282	200.417542
719	-35.367107	0.014896	200.417542
720	-34.599274	0.015427	200.417542
721	-33.723907	0.017334	250.521927
722	-34.539421	0.015520	300.626312
723	-33.115791	0.018356	250.521927
724	-33.225182	0.018108	400.835083
725	-32.646297	0.019508	200.417542
726	-32.730415	0.019115	250.521927
727	-33.239403	0.018203	250.521927
728	-33.668156	0.017193	400.835083
729	-32.943596	0.019041	350.730713
730	-31.880453	0.021473	300.626312
731	-30.931442	0.023454	250.521927
732	-30.860867	0.023511	300.626312
733	-28.553064	0.029964	300.626312
734	-24.720528	0.042857	400.835083
735	-24.328840	0.047725	400.835083
736	-26.778009	0.032185	400.835083
737	-28.398708	0.027553	601.252625
738	-25.670446	0.036291	551.148254
739	-25.686171	0.035004	501.043854
740	-24.739813	0.040229	350.730713
741	-25.423798	0.036640	551.148254
742	-26.233412	0.039412	450.939453
743	-27.625601	0.032627	400.835083
744	-27.712515	0.034352	450.939453
745	-27.751514	0.028392	350.730713
746	-32.737282	0.017661	350.730713
747	-36.307262	0.012929	250.521927
748	-33.985561	0.017050	300.626312
749	-36.284607	0.013043	300.626312
750	-38.807659	0.009561	150.313156
751	-40.293861	0.007414	250.521927
752	-40.935806	0.007543	250.521927
753	-39.577126	0.008545	100.208771
754	-43.784481	0.005246	250.521927
755	-39.495346	0.009304	300.626312
756	-41.781929	0.007303	250.521927
757	-43.541100	0.005670	350.730713
758	-42.854095	0.006427	250.521927
759	-44.555187	0.005073	200.417542
760	-43.518620	0.005747	200.417542
761	-44.844185	0.004852	300.626312
762	-43.220200	0.005511	400.835083
763	-43.898628	0.005783	250.521927
764	-41.210953	0.006242	300.626312
765	-32.292091	0.018776	300.626312
766	-31.707073	0.019071	400.835083
767	-30.480825	0.024084	350.730713
768	-34.550472	0.015469	501.043854
769	-43.268845	0.005715	400.835083
770	-43.507160	0.005690	501.043854
771	-43.365131	0.005139	300.626312
772	-37.786797	0.010176	501.043854
773	-33.177212	0.018132	501.043854
774	-31.070435	0.021423	400.835083
775	-30.219404	0.023113	501.043854
776	-28.339649	0.029475	601.252625
777	-27.555004	0.031208	701.461426
778	-27.597784	0.032022	801.670166
779	-28.356739	0.030643	701.461426
780	-30.358551	0.023558	551.148254
781	-29.694706	0.025494	551.148254
782	-29.958891	0.023752	751.565796
783	-29.997980	0.025760	701.461426
784	-31.021692	0.023324	400.835083
785	-33.897564	0.017230	400.835083
786	-34.875950	0.015532	300.626312
787	-36.866737	0.012452	400.835083
788	-40.388493	0.008048	350.730713
789	-42.902168	0.006305	250.521927
790	-44.352123	0.005308	300.626312
791	-45.675823	0.004661	100.208771
792	-48.804520	0.003004	901.878906
793	-51.379658	0.002161	1052.192139
794	-44.727852	0.004723	200.417542
795	-45.729965	0.003739	701.461426
796	-43.428482	0.006068	150.313156
797	-44.055969	0.004834	300.626312
798	-47.154057	0.003668	501.043854
799	-46.256947	0.004336	100.208771
800	-44.742165	0.004963	150.313156
801	-45.705494	0.004198	350.730713
802	-45.433315	0.004524	400.835083
803	-44.473576	0.005187	250.521927
804	-45.868683	0.004434	50.104385
805	-44.299088	0.004984	250.521927
806	-46.198418	0.004279	150.313156
807	-46.650730	0.003923	200.417542
808	-47.475201	0.003632	350.730713
809	-53.150749	0.001879	250.521927
810	-46.548988	0.003875	350.730713
811	-49.761730	0.002774	250.521927
812	-49.690990	0.002771	400.835083
813	-47.546097	0.003621	350.730713
814	-43.747585	0.005779	50.104385
815	-41.469631	0.007005	250.521927
816	-35.330467	0.014933	250.521927
817	-30.750351	0.026278	100.208771
818	-30.037472	0.026638	150.313156
819	-30.083618	0.027700	100.208771
820	-30.228123	0.025548	100.208771
821	-30.549843	0.025223	150.313156
822	-34.016182	0.016871	100.208771
823	-41.200367	0.006985	350.730713
824	-43.448685	0.005858	150.313156
825	-39.234985	0.009692	100.208771
826	-43.544941	0.005970	100.208771
827	-41.160992	0.007253	100.208771
828	-43.402302	0.005722	150.313156
829	-50.720131	0.001940	601.252625
830	-49.381374	0.002558	651.356995
831	-49.504837	0.002872	250.521927
832	-50.246452	0.002525	450.939453
833	-48.884434	0.002943	400.835083
834	-46.169296	0.002798	701.461426
835	-44.095245	0.005207	651.356995
836	-40.153404	0.007587	751.565796
837	-46.628857	0.003765	851.774536
838	-47.935921	0.003272	450.939453
839	-52.638447	0.001945	250.521927
840	-40.743568	0.007401	300.626312
841	-32.907707	0.019905	250.521927
842	-32.673401	0.019875	300.626312
843	-32.788536	0.019780	250.521927
844	-31.575645	0.022864	300.626312
845	-32.079357	0.019846	250.521927
846	-30.637543	0.022343	350.730713
847	-30.967903	0.022528	350.730713
848	-30.263544	0.024372	250.521927
849	-30.763483	0.020931	501.043854
850	-28.315079	0.027845	551.148254
851	-29.950611	0.023126	501.043854
852	-30.333542	0.021790	450.939453
853	-30.237755	0.023972	350.730713
854	-30.328930	0.024169	350.730713
855	-28.918980	0.028925	250.521927
856	-30.997465	0.022844	250.521927
857	-30.764559	0.022850	350.730713
858	-32.327305	0.018063	400.835083
859	-30.605059	0.023912	350.730713
860	-33.102409	0.018060	350.730713
861	-33.723534	0.016578	350.730713
862	-35.163776	0.014237	350.730713
863	-35.291805	0.014852	350.730713
864	-37.693310	0.010643	450.939453
865	-36.809765	0.012440	300.626312
866	-40.812511	0.007635	450.939453
867	-39.162731	0.009175	501.043854
868	-40.546455	0.006918	501.043854
869	-40.139637	0.007530	651.356995
870	-42.367496	0.006239	601.252625
871	-41.221165	0.007261	601.252625
872	-40.362011	0.007606	601.252625
873	-40.761604	0.006922	501.043854
874	-42.930706	0.005927	551.148254
875	-44.277836	0.005328	300.626312
876	-46.137337	0.003885	601.252625
877	-43.952965	0.005345	300.626312
878	-45.515652	0.004558	300.626312
879	-43.931938	0.005452	200.417542
880	-47.818287	0.003244	801.670166
881	-43.499050	0.005815	250.521927
882	-43.099323	0.005572	350.730713
883	-43.609638	0.005651	450.939453
884	-45.228806	0.004516	450.939453
885	-47.426567	0.003514	400.835083
886	-44.113312	0.005037	350.730713
887	-45.423588	0.004510	450.939453
888	-42.848660	0.005751	350.730713
889	-48.078022	0.003157	601.252625
890	-43.133820	0.005512	300.626312
891	-41.218685	0.007058	400.835083
892	-42.943916	0.005925	450.939453
893	-39.840195	0.008457	300.626312
894	-41.387436	0.006770	400.835083
895	-44.555443	0.004336	501.043854
896	-44.092152	0.005354	501.043854
897	-44.353958	0.004690	350.730713
898	-44.963696	0.004792	501.043854
899	-44.689796	0.004806	350.730713
900	-44.636864	0.005053	250.521927
901	-47.332657	0.003674	300.626312
902	-44.838818	0.004506	300.626312
903	-43.394005	0.005388	400.835083
904	-40.509613	0.008192	300.626312
905	-44.046665	0.005195	250.521927
906	-42.550579	0.006218	250.521927
907	-43.224407	0.005907	200.417542
908	-46.958935	0.003437	551.148254
909	-46.486988	0.003728	501.043854
910	-48.604370	0.002938	200.417542
911	-51.186176	0.002172	450.939453
912	-50.765381	0.002287	501.043854
913	-50.475101	0.002319	551.148254
914	-47.717083	0.003317	350.730713
915	-46.275589	0.003613	450.939453
916	-50.420238	0.002441	350.730713
917	-50.645870	0.002296	450.939453
918	-52.617779	0.001972	400.835083
919	-46.531891	0.003918	450.939453
920	-47.541695	0.003365	551.148254
921	-49.202682	0.002857	450.939453
922	-46.716705	0.003874	300.626312
923	-46.040058	0.004050	400.835083
924	-45.478943	0.004634	300.626312
925	-43.933685	0.004914	450.939453
926	-44.291374	0.004626	501.043854
927	-48.288315	0.003325	150.313156
928	-47.756145	0.003352	450.939453
929	-48.096943	0.003510	200.417542
930	-46.367550	0.004014	501.043854
931	-48.401669	0.002833	601.252625
932	-49.349407	0.002566	651.356995
933	-46.852131	0.003597	400.835083
934	-48.856220	0.002685	801.670166
935	-52.200878	0.001861	601.252625
936	-49.431965	0.002802	501.043854
937	-51.171394	0.002178	651.356995
938	-53.170483	0.001815	501.043854
939	-52.530537	0.001922	601.252625
940	-52.350452	0.002014	450.939453
941	-51.714523	0.002214	250.521927
942	-53.324261	0.001737	701.461426
943	-47.435902	0.003313	250.521927
944	-50.119331	0.002535	350.730713
945	-47.914696	0.003362	400.835083
946	-48.609566	0.003264	300.626312
947	-46.803169	0.003853	200.417542
948	-49.583569	0.002652	450.939453
949	-47.401363	0.003491	250.521927
950	-47.015804	0.003772	300.626312
951	-50.486877	0.002339	250.521927
952	-45.839939	0.004235	250.521927
953	-49.370171	0.002934	250.521927
954	-49.847881	0.002655	400.835083
955	-49.245907	0.002820	350.730713
956	-45.323071	0.004496	350.730713
957	-47.503273	0.003297	200.417542
958	-44.484303	0.005063	350.730713
959	-45.881779	0.004235	601.252625
960	-41.810619	0.006565	651.356995
961	-41.037540	0.007228	601.252625
962	-45.103420	0.004620	400.835083
963	-42.684334	0.006285	350.730713
964	-43.415699	0.005477	751.565796
965	-41.848423	0.006612	751.565796
966	-44.887012	0.004797	551.148254
967	-43.625351	0.005469	551.148254
968	-44.723633	0.004633	601.252625
969	-43.007061	0.005201	751.565796
970	-45.083630	0.004681	651.356995
971	-45.353844	0.004586	450.939453
972	-42.834934	0.005538	651.356995
973	-43.965973	0.005413	501.043854
974	-44.974113	0.004394	951.983337
975	-42.756420	0.006153	701.461426
976	-42.648209	0.006245	651.356995
977	-44.386528	0.004871	651.356995
978	-44.415501	0.005029	651.356995
979	-43.405354	0.005632	501.043854
980	-42.451469	0.006536	501.043854
981	-42.301762	0.006480	501.043854
982	-40.824371	0.007732	701.461426
983	-39.837044	0.008882	450.939453
984	-39.234661	0.009441	501.043854
985	-42.356842	0.006366	450.939453
986	-43.645378	0.005494	601.252625
987	-40.898926	0.006881	300.626312
988	-37.720257	0.011056	400.835083
989	-37.473042	0.010734	501.043854
990	-36.930573	0.011786	350.730713
991	-36.620922	0.012117	501.043854
992	-37.235664	0.011248	551.148254
993	-39.947914	0.008566	651.356995
994	-39.737415	0.008443	751.565796
995	-41.870667	0.006340	751.565796
996	-40.333233	0.008138	601.252625
997	-40.501938	0.007717	501.043854
998	-40.797165	0.007431	450.939453
999	-39.297245	0.009497	551.148254
1000	-37.153564	0.011200	1202.505249
1001	-41.268028	0.006553	651.356995
1002	-39.636929	0.008384	901.878906
1003	-40.422173	0.007953	551.148254
1004	-37.779408	0.010134	551.148254
1005	-32.245285	0.021531	250.521927
1006	-32.887833	0.019150	350.730713
1007	-31.160446	0.023879	250.521927
1008	-32.166958	0.021990	300.626312
1009	-36.772144	0.011631	601.252625
1010	-39.979992	0.007875	751.565796
1011	-40.007988	0.008377	651.356995
1012	-36.527428	0.012187	450.939453
1013	-35.963829	0.013592	300.626312
1014	-40.504368	0.007126	701.461426
1015	-41.517311	0.006615	751.565796
1016	-38.566368	0.009493	651.356995
1017	-37.831905	0.010652	400.835083
1018	-38.235115	0.010196	601.252625
1019	-39.146343	0.009247	601.252625
1020	-37.932308	0.009921	701.461426
1021	-36.540249	0.012209	551.148254
1022	-40.125523	0.007994	601.252625
1023	-44.081940	0.004940	751.565796
1024	-43.472839	0.005359	551.148254
1025	-44.443039	0.004845	551.148254
1026	-42.308201	0.006518	601.252625
1027	-40.699123	0.007472	751.565796
1028	-40.549446	0.007422	951.983337
1029	-39.227844	0.008977	851.774536
1030	-38.055553	0.010526	751.565796
1031	-38.398396	0.009840	1302.713989
1032	-40.652935	0.007051	1102.296509
1033	-39.385727	0.008695	1402.922852
1034	-38.862045	0.009272	1453.027222
1035	-39.074696	0.009153	901.878906
1036	-39.922203	0.007879	1302.713989
1037	-35.955841	0.013316	2455.114990
1038	-37.964924	0.010427	2204.593018
1039	-36.638504	0.012172	2154.488525
1040	-40.282520	0.008010	1903.966675
1041	-39.604500	0.008673	1302.713989
1042	-40.206795	0.007935	1402.922852
1043	-40.906311	0.007142	1002.087708
1044	-39.922512	0.008803	501.043854
1045	-39.245579	0.009410	450.939453
1046	-41.349319	0.007154	601.252625
1047	-43.157154	0.005327	851.774536
1048	-45.008343	0.004542	1252.609619
1049	-45.063320	0.004318	1553.235962
1050	-46.350639	0.003868	1052.192139
1051	-43.866558	0.005324	1052.192139
1052	-44.203125	0.005017	1402.922852
1053	-45.012527	0.004575	901.878906
1054	-45.088852	0.004464	1252.609619
1055	-43.074623	0.005993	701.461426
1056	-42.295967	0.006292	951.983337
1057	-41.196083	0.007526	450.939453
1058	-42.133167	0.006319	751.565796
1059	-43.358528	0.005492	751.565796
1060	-43.549568	0.005366	1352.818359
1061	-44.249222	0.004734	1352.818359
1062	-45.096245	0.004340	851.774536
1063	-43.252926	0.005581	400.835083
1064	-44.121094	0.005319	651.356995
1065	-42.380699	0.006215	901.878906
1066	-44.648567	0.004707	601.252625
1067	-43.764824	0.005191	400.835083
1068	-48.513485	0.002979	651.356995
1069	-44.615894	0.004821	501.043854
1070	-48.319172	0.003127	501.043854
1071	-48.540394	0.002912	150.313156
1072	-49.405743	0.002510	701.461426
1073	-48.623932	0.002699	450.939453
1074	-48.171574	0.003382	300.626312
1075	-45.411186	0.004397	400.835083
1076	-50.667690	0.002241	450.939453
1077	-46.817173	0.004016	300.626312
1078	-50.855839	0.002408	350.730713
1079	-45.698605	0.004219	250.521927
1080	-48.379532	0.003264	150.313156
1081	-44.915813	0.004303	200.417542
1082	-49.112209	0.002753	200.417542
1083	-46.438026	0.003862	250.521927
1084	-49.030025	0.003159	200.417542
1085	-49.088341	0.002882	300.626312
1086	-50.452877	0.002429	300.626312
1087	-46.193832	0.003853	551.148254
1088	-45.439674	0.003658	450.939453
1089	-49.238979	0.002944	300.626312
1090	-49.130856	0.002876	200.417542
1091	-46.141117	0.003926	200.417542
1092	-48.117367	0.003047	200.417542
1093	-47.791599	0.003351	300.626312
1094	-47.173523	0.003629	250.521927
1095	-47.601505	0.003458	200.417542
1096	-47.177883	0.003419	400.835083
1097	-47.466007	0.003434	200.417542
1098	-46.906506	0.004014	150.313156
1099	-49.503235	0.002764	450.939453
1100	-47.998474	0.003270	400.835083
1101	-45.643044	0.004310	150.313156
1102	-49.114399	0.002859	501.043854
1103	-50.203800	0.002575	350.730713
1104	-47.312847	0.003575	250.521927
1105	-45.161785	0.004319	400.835083
1106	-46.160210	0.003867	501.043854
1107	-46.916813	0.003660	400.835083
1108	-42.453575	0.005627	300.626312
1109	-44.158012	0.004897	300.626312
1110	-43.771366	0.004779	300.626312
1111	-41.986004	0.006992	50.104385
1112	-46.337116	0.003825	300.626312
1113	-49.725929	0.002516	200.417542
1114	-48.111591	0.002917	501.043854
1115	-43.795940	0.005459	200.417542
1116	-46.066051	0.004220	200.417542
1117	-50.237148	0.002556	300.626312
1118	-45.253181	0.004410	200.417542
1119	-47.751488	0.003569	300.626312
1120	-46.672371	0.004004	300.626312
1121	-46.553833	0.003967	450.939453
1122	-48.924839	0.003075	551.148254
1123	-46.270752	0.003778	651.356995
1124	-47.208652	0.003558	601.252625
1125	-45.619099	0.004043	551.148254
1126	-47.182262	0.003714	250.521927
1127	-40.819881	0.007130	300.626312
1128	-41.629940	0.006431	400.835083
1129	-47.631840	0.003305	400.835083
1130	-42.896027	0.006120	300.626312
1131	-43.715149	0.005085	751.565796
1132	-45.319099	0.004489	450.939453
1133	-42.592457	0.006016	400.835083
1134	-42.556385	0.005587	551.148254
1135	-45.108978	0.004618	350.730713
1136	-46.424961	0.003913	450.939453
1137	-43.234840	0.005917	150.313156
1138	-41.205685	0.007446	300.626312
1139	-41.809967	0.006640	450.939453
1140	-43.190281	0.005649	501.043854
1141	-42.614021	0.006387	300.626312
1142	-44.802643	0.004608	400.835083
1143	-41.518959	0.006513	450.939453
1144	-38.892803	0.009284	300.626312
1145	-42.349083	0.006532	250.521927
1146	-42.396221	0.006291	300.626312
1147	-41.701847	0.006516	501.043854
1148	-39.784321	0.009227	150.313156
1149	-38.973232	0.009619	200.417542
1150	-37.417286	0.011472	400.835083
1151	-39.807606	0.007955	400.835083
1152	-43.663578	0.005481	300.626312
1153	-40.014126	0.008812	250.521927
1154	-42.539703	0.005793	601.252625
1155	-43.435589	0.005168	601.252625
1156	-42.017498	0.006599	300.626312
1157	-41.283386	0.007124	200.417542
1158	-41.740360	0.006967	300.626312
1159	-44.157234	0.004986	350.730713
1160	-43.277863	0.005637	300.626312
1161	-41.365425	0.007842	150.313156
1162	-43.953781	0.005116	450.939453
1163	-42.296295	0.006542	200.417542
1164	-41.713013	0.006973	300.626312
1165	-41.578770	0.007131	350.730713
1166	-42.965561	0.005864	400.835083
1167	-42.489655	0.005833	400.835083
1168	-37.029598	0.012210	250.521927
1169	-41.501110	0.006506	400.835083
1170	-39.629429	0.007992	601.252625
1171	-37.582108	0.010237	450.939453
1172	-35.849709	0.013623	300.626312
1173	-38.749786	0.009845	400.835083
1174	-38.502682	0.009202	501.043854
1175	-37.162270	0.011182	450.939453
1176	-38.146935	0.010533	300.626312
1177	-39.151070	0.009150	350.730713
1178	-40.574650	0.006810	651.356995
1179	-42.271584	0.006575	350.730713
1180	-40.845760	0.007556	300.626312
1181	-42.981564	0.006022	350.730713
1182	-41.918373	0.006888	450.939453
1183	-43.161766	0.006022	300.626312
1184	-41.509247	0.006074	601.252625
1185	-43.347298	0.005627	551.148254
1186	-42.167534	0.006079	501.043854
1187	-39.972530	0.008105	501.043854
1188	-40.983257	0.006866	450.939453
1189	-41.691124	0.006989	400.835083
1190	-42.775890	0.006304	300.626312
1191	-39.385891	0.009291	300.626312
1192	-38.197647	0.010428	350.730713
1193	-37.739559	0.011276	400.835083
1194	-38.258667	0.010325	400.835083
1195	-35.974876	0.012686	450.939453
1196	-35.820168	0.013780	350.730713
1197	-34.737679	0.013835	751.565796
1198	-34.696163	0.016002	450.939453
1199	-34.700298	0.015143	501.043854
1200	-33.452900	0.018310	350.730713
1201	-33.969639	0.016841	450.939453
1202	-33.926979	0.016883	450.939453
1203	-33.701031	0.016148	400.835083
1204	-32.705315	0.019416	350.730713
1205	-33.407963	0.018577	400.835083
1206	-32.251572	0.017243	400.835083
1207	-30.430088	0.025131	300.626312
1208	-31.651848	0.022165	350.730713
1209	-33.919785	0.016987	400.835083
1210	-33.920479	0.016267	300.626312
1211	-35.092117	0.013739	400.835083
1212	-35.546837	0.014383	150.313156
1213	-34.683304	0.015100	350.730713
1214	-35.879101	0.013120	250.521927
1215	-34.798023	0.014829	501.043854
1216	-34.255775	0.015686	250.521927
1217	-34.135540	0.016106	250.521927
1218	-36.109901	0.013033	501.043854
1219	-36.955315	0.010683	551.148254
1220	-36.123917	0.012619	501.043854
1221	-33.206776	0.018175	200.417542
1222	-34.095310	0.015715	501.043854
1223	-34.223026	0.015491	501.043854
1224	-33.810471	0.016838	400.835083
1225	-33.392441	0.018502	450.939453
1226	-32.855625	0.019102	400.835083
1227	-32.141563	0.020301	501.043854
1228	-32.493713	0.019853	400.835083
1229	-34.027702	0.015870	501.043854
1230	-33.589958	0.017858	651.356995
1231	-33.070080	0.018134	551.148254
1232	-34.675800	0.014641	400.835083
1233	-31.961533	0.019915	701.461426
1234	-32.962727	0.018825	450.939453
1235	-33.962997	0.016718	501.043854
1236	-32.098480	0.020623	300.626312
1237	-32.938873	0.018575	400.835083
1238	-32.446739	0.020508	300.626312
1239	-31.978178	0.019496	551.148254
1240	-34.981632	0.014520	450.939453
1241	-34.508007	0.014057	601.252625
1242	-33.702217	0.016834	300.626312
1243	-31.923349	0.021246	400.835083
1244	-35.400478	0.012869	551.148254
1245	-33.017265	0.019003	300.626312
1246	-32.638023	0.019886	400.835083
1247	-34.296360	0.015686	450.939453
1248	-32.777668	0.020237	350.730713
1249	-33.009445	0.019071	400.835083
1250	-35.015259	0.015193	350.730713
1251	-35.140202	0.014646	400.835083
1252	-34.525551	0.016098	350.730713
1253	-40.360691	0.007581	701.461426
1254	-37.847729	0.009754	501.043854
1255	-37.327721	0.011167	350.730713
